1.0999999999997812 15.666738575324416 88.34295654296875
2.119999999999578 23.51656220946461 84.1572265625
3.1599999999993713 38.23354421649128 84.9752197265625
4.179999999999168 62.790469175204635 85.0865478515625
5.1999999999989654 85.27941398881376 85.06613159179688
6.2199999999987625 119.97793745063245 85.07327270507812
7.23999999999856 161.35219416115433 85.08026123046875
8.259999999998357 211.29585475288332 85.09478759765625
9.359999999998138 258.4641963792965 85.09683227539062
10.399999999997931 319.21527564898133 85.13134765625
11.419999999997728 383.5378155875951 85.16360473632812
12.439999999997525 457.660359909758 85.1488037109375
13.459999999997322 538.9253772227094 85.1524658203125
14.47999999999712 625.8994207130745 85.16558837890625
15.659999999996884 731.8593963459134 85.19775390625
16.67999999999668 851.1657568207011 85.25091552734375
17.69999999999648 968.4772563129663 85.29058837890625
18.719999999996276 1078.0664405627176 85.21908569335938
19.739999999996073 1191.7232706388459 85.24868774414062
20.819999999995858 1333.318455843255 85.28997802734375
22.05999999999561 1509.878391337581 85.31118774414062
23.079999999995408 1680.269352098927 85.33624267578125
24.139999999995197 1831.6560705238953 85.34405517578125
25.159999999994994 2017.5533028859645 85.41485595703125
26.199999999994787 2184.945548429154 85.36697387695312
27.219999999994585 2367.2618194120005 85.29931640625
28.29999999999437 2565.585717493668 85.36175537109375
29.319999999994167 2813.8281398126855 85.42572021484375
30.45999999999394 3019.1847855607048 85.35787963867188
31.479999999993737 3237.221639188938 85.33233642578125
32.51999999999353 3473.10302451998 85.36050415039062
33.55999999999332 3718.3506487896666 85.40521240234375
34.659999999993104 3983.0316356439143 85.3431396484375
35.6799999999929 4237.173354160972 85.35665893554688
36.6999999999927 4532.263084731065 85.3114013671875
37.719999999992496 4821.771363311447 85.30422973632812
38.73999999999229 5080.999052135274 85.39251708984375
39.75999999999209 5371.078301327303 85.4085693359375
40.79999999999188 5675.890503497794 85.26409912109375
41.839999999991676 5995.9380586137995 85.2266845703125
42.85999999999147 6331.547093329951 85.26873779296875
43.87999999999127 6683.442797455005 85.26318359375
45.09999999999103 7161.394204417244 85.26641845703125
46.159999999990816 7438.337931423448 85.270263671875
47.219999999990605 7900.188266574405 85.2708740234375
48.29999999999039 8191.745128526352 85.24209594726562
49.31999999999019 8685.333712436259 85.20437622070312
50.37999999998998 9023.066453116946 85.20315551757812
51.399999999989774 9462.972145044245 85.2530517578125
52.499999999989555 9816.650909492746 85.15676879882812
53.51999999998935 10252.213520870544 85.01507568359375
54.59999999998914 10707.09349191282 81.15438842773438
55.67999999998892 11155.704878481105 80.7574462890625
56.719999999988715 11659.222822166048 80.88348388671875
57.73999999998851 12101.933842691593 80.742919921875
58.779999999988306 12703.669384947047 80.16680908203125
59.839999999988095 13082.257823672146 79.884765625
60.85999999998789 13554.727714910172 79.5703125
61.87999999998769 14056.804491759278 79.03533935546875
62.899999999987486 14559.345222873613 78.6153564453125
63.91999999998737 15124.078050436452 78.252685546875
65.03999999998794 15670.136593764648 77.82208251953125
66.03999999998845 16227.698114709929 77.27059936523438
67.119999999989 16796.9600498667 76.85198974609375
68.13999999998953 17366.81849204842 76.3682861328125
69.13999999999004 17948.284669178538 75.84249877929688
70.13999999999055 18588.576387046836 75.59274291992188
71.13999999999106 19171.72260047961 75.6004638671875
72.15999999999158 19729.755360342562 75.51089477539062
73.1599999999921 20372.923937723972 75.46792602539062
74.29999999999268 21067.683275775053 75.46353149414062
75.35999999999322 21751.61586349178 75.38726806640625
76.37999999999374 22476.973418895155 75.45648193359375
77.39999999999426 23150.259964840487 75.5203857421875
78.39999999999478 23864.359608704224 75.36489868164062
79.4199999999953 24509.711093491875 75.30587768554688
80.41999999999581 25252.157757434063 75.32742309570312
81.41999999999632 26050.153441745788 75.3402099609375
82.41999999999683 26729.999602495693 75.35543823242188
83.41999999999734 27435.668592890725 75.3526611328125
84.47999999999789 28401.090735103935 75.26513671875
85.73999999999853 29230.826474441215 75.22933959960938
86.73999999999904 30352.028412338346 75.27981567382812
87.75999999999956 30939.430280234665 75.2818603515625
88.84000000000012 31817.56617551949 75.2943115234375
89.84000000000063 32850.13798093237 75.26177978515625
90.84000000000114 33556.711441178806 75.27218627929688
91.84000000000165 34343.24467674736 75.23736572265625
92.84000000000216 35266.89099066518 75.30795288085938
93.86000000000269 36134.98346557841 75.28411865234375
94.88000000000321 37074.81710463762 75.13726806640625
95.92000000000374 38125.94698451739 75.16766357421875
96.92000000000425 39024.66868553683 75.14739990234375
97.92000000000476 40035.49652237352 75.14480590820312
98.94000000000528 41043.38504207507 75.17105102539062
99.9400000000058 42068.463013097644 75.15115356445312
101.06000000000637 43132.12232194841 75.1507568359375
102.1000000000069 44256.69289030321 75.15655517578125
103.10000000000741 45316.46419333294 75.15081787109375
104.10000000000792 46394.20352963079 75.11947631835938
105.10000000000844 47534.55109742563 75.14910888671875
106.10000000000895 48762.662520701066 75.156982421875
107.10000000000946 50105.38646991737 75.13491821289062
108.10000000000997 51170.73892900627 75.1396484375
109.10000000001048 52490.026136750355 75.07220458984375
110.100000000011 53327.06271062326 75.10287475585938
111.22000000001157 54564.11178390402 75.16650390625
112.24000000001209 55821.2585454518 75.08963012695312
113.26000000001261 57097.202823503874 75.0064697265625
114.26000000001312 58821.90969830379 74.95407104492188
115.26000000001363 59743.21935816761 74.97116088867188
116.26000000001414 60978.4714766182 74.96673583984375
117.26000000001466 62271.18958641682 74.92803955078125
118.26000000001517 63619.37404137943 74.94476318359375
119.42000000001576 65020.396768737584 74.946044921875
120.4600000000163 66368.18135720119 74.97149658203125
121.48000000001682 67687.37859456241 74.99929809570312
122.48000000001733 69054.64573817328 74.98480224609375
123.48000000001784 70575.49275654182 74.95361328125
124.48000000001835 71966.95423082728 74.9442138671875
125.48000000001886 72996.15465669241 74.98867797851562
126.48000000001937 74460.26692431606 75.0191650390625
127.5000000000199 75562.840482275 75.02606201171875
128.5000000000204 76791.6806408437 75.03036499023438
129.50000000002092 78299.35690662917 75.035888671875
130.50000000002143 79371.97117736097 75.03182983398438
131.620000000022 80698.50088339113 75.03494262695312
132.62000000002251 82102.17945835087 75.03515625
133.62000000002303 83710.87775014155 75.03143310546875
134.62000000002354 84528.3897560332 73.48065185546875
135.62000000002405 85857.36450345349 67.21334838867188
136.62000000002456 87237.67343565915 61.5989990234375
137.62000000002507 88387.77734310925 57.186309814453125
138.62000000002558 89665.11707631312 52.3135986328125
139.6200000000261 91196.49226015992 46.45147705078125
140.6200000000266 92827.20440587029 40.1846923828125
141.62000000002712 93564.83544197306 37.473358154296875
142.62000000002763 94910.26435127202 33.5078125
143.62000000002814 96226.46551170759 30.76513671875
144.62000000002865 97261.25916716829 29.34136962890625
145.7000000000292 98695.20375889633 29.07354736328125
147.10000000002992 100473.87125046458 28.7255859375
148.12000000003044 101646.72237693984 28.575714111328125
149.14000000003097 102964.92373912875 28.419677734375
150.1800000000315 104426.90376563277 28.257781982421875
151.20000000003202 105587.42586774472 28.13262939453125
152.20000000003253 106768.884846312 28.011444091796875
153.3000000000331 108215.9005274484 27.863800048828125
154.3000000000336 109315.71168554295 27.749542236328125
155.34000000003414 110582.46219770145 27.624114990234375
156.36000000003466 111844.7778421538 27.496795654296875
157.48000000003523 113126.81356627122 27.36114501953125
158.48000000003574 114524.53056603204 27.223602294921875
159.48000000003626 115581.20238759555 27.116119384765625
160.5600000000368 116825.92413733061 26.990753173828125
161.56000000003732 118090.0475644879 26.8648681640625
162.60000000003785 119254.70019945316 26.74591064453125
163.6600000000384 120510.03765421454 26.619903564453125
164.68000000003892 121784.37482783291 26.49285888671875
165.68000000003943 122889.67577244062 26.379791259765625
166.68000000003994 124085.00262618996 26.2613525390625
167.68000000004045 125322.75348075386 26.138519287109375
168.68000000004096 127159.29460120667 25.953948974609375
169.7200000000415 127761.5274446886 25.8922119140625
170.82000000004206 128870.48915238213 25.78143310546875
171.82000000004257 130412.23754971568 25.625091552734375
172.94000000004314 131558.10835365485 25.508514404296875
173.94000000004365 132449.11170763336 25.421112060546875
174.94000000004417 133906.00738329254 25.273162841796875
176.02000000004472 134903.83427395578 25.173065185546875
177.02000000004523 136169.33901276626 25.046417236328125
178.02000000004574 137789.09514549654 24.883453369140625
179.02000000004625 138483.95826856792 24.81201171875
180.02000000004676 139489.92329086084 24.712066650390625
181.02000000004728 140537.22513363604 24.60382080078125
182.0200000000478 141536.7379120076 24.502410888671875
183.06000000004832 142952.7704703249 24.359405517578125
184.08000000004884 143922.55493493378 24.263427734375
185.10000000004936 144933.1718288157 24.160919189453125
186.10000000004987 146115.3194079697 24.042938232421875
187.1000000000504 147271.14630171098 23.9283447265625
188.14000000005092 148249.0710193161 23.8336181640625
189.40000000005156 149634.46908573434 23.69390869140625
190.40000000005207 151099.4882331211 23.54620361328125
191.4000000000526 151979.34601263236 23.45849609375
192.4200000000522 152920.6940799337 23.35888671875
193.58000000005114 154178.26880779676 23.235076904296875
194.60000000005022 155472.84128827695 23.10498046875
195.6200000000493 156424.19271536823 23.007476806640625
196.66000000004834 157519.66983185709 22.899444580078125
197.68000000004741 158443.38472848386 22.806671142578125
198.7000000000465 159865.1416879464 22.663116455078125
199.76000000004552 160594.18909807317 22.59033203125
200.7800000000446 161694.63876448106 22.4801025390625
201.80000000004367 162770.19204068556 22.369354248046875
202.82000000004274 163759.38961456995 22.271484375
203.8400000000418 164827.1105225645 22.163360595703125
204.86000000004088 165890.77168520354 22.055450439453125
205.88000000003996 167133.36975124758 21.932159423828125
206.90000000003903 168370.41709065624 21.804290771484375
207.9200000000381 169097.8807705408 21.73175048828125
208.94000000003717 170044.72982724104 21.63568115234375
209.96000000003625 171368.82614028174 21.502838134765625
210.98000000003532 172267.93584267702 21.413604736328125
212.0000000000344 173044.75494351517 21.3345947265625
213.02000000003346 174116.668203759 21.22601318359375
214.06000000003252 175085.63938597124 21.12933349609375
215.0800000000316 176090.44239869062 21.02606201171875
216.10000000003066 177502.55549448263 20.88311767578125
217.22000000002964 178186.28754453547 20.81561279296875
218.24000000002872 179179.41846104898 20.71533203125
219.2600000000278 180343.01893766597 20.59747314453125
220.4400000000267 181559.24916568864 20.475250244140625
221.50000000002575 182424.5181330042 20.3861083984375
222.62000000002473 183439.92055806983 20.285369873046875
223.7600000000237 184489.43036986608 20.17987060546875
224.80000000002275 185496.73822193127 20.076751708984375
225.82000000002182 186858.8356964374 19.93890380859375
226.8400000000209 187480.7076235423 19.8782958984375
227.86000000001997 188644.97444841918 19.759735107421875
228.88000000001904 189598.6819916917 19.66278076171875
229.9000000000181 190771.8345282469 19.54638671875
230.92000000001718 191458.28522414528 19.47723388671875
231.94000000001625 192216.75794952363 19.401641845703125
232.96000000001533 193230.620212093 19.29974365234375
233.9800000000144 194038.7514018193 19.2166748046875
235.10000000001338 195063.4951117877 19.11322021484375
236.12000000001245 195993.07039360888 19.01788330078125
237.14000000001153 196937.28511183616 18.92364501953125
238.1600000000106 197841.78507720307 18.831024169921875
239.18000000000967 198778.94782970566 18.737945556640625
240.22000000000872 199694.6230912879 18.645355224609375
241.26000000000778 200713.98468047846 18.545013427734375
242.28000000000685 201586.88666881714 18.492279052734375
243.30000000000592 202509.83104809653 18.45849609375
244.320000000005 203446.95953396708 18.431793212890625
245.34000000000407 204450.85134482943 18.40911865234375
246.36000000000314 205310.60318830237 18.39349365234375
247.3800000000022 206376.77476683538 18.377685546875
248.40000000000128 206951.66993096936 18.3704833984375
249.56000000000023 207976.25655275024 18.3594970703125
250.59999999999928 209031.2478127638 18.35009765625
251.61999999999836 209703.48055271897 18.345062255859375
252.63999999999743 210717.1406767266 18.33843994140625
253.6599999999965 211556.0170215657 18.33380126953125
254.69999999999555 212494.44664614648 18.329254150390625
255.71999999999463 213480.5013558343 18.3253173828125
256.7399999999937 214226.14782708138 18.322784423828125
257.8199999999927 215003.51745014824 18.320465087890625
258.8399999999918 216165.4966186285 18.31756591796875
259.85999999999086 216820.14691488817 18.31622314453125
260.87999999998993 217757.53725582827 18.31463623046875
261.899999999989 218408.57016356196 18.31365966796875
262.9199999999881 219324.2497336613 18.3125
263.93999999998715 220187.41034959164 18.31170654296875
265.01999999998617 221064.66019412223 18.311065673828125
266.03999999998524 221840.53060338553 18.31060791015625
267.0799999999843 222696.7297748169 18.310302734375
268.09999999998337 223583.46590172034 18.310150146484375
269.11999999998244 224369.68483805284 18.31011962890625
270.21999999998144 225268.32348391227 18.310089111328125
271.2399999999805 226148.37039796915 18.310272216796875
272.2599999999796 226928.8199554365 18.31036376953125
273.27999999997866 227772.44691569358 18.310638427734375
274.29999999997773 228646.54167104047 18.31097412109375
275.35999999997676 229728.37371957488 18.3115234375
276.37999999997584 230308.47426210716 18.311859130859375
277.45999999997485 231209.2766338773 18.31243896484375
278.5199999999739 231979.9256477803 18.31304931640625
279.53999999997296 232813.33933740202 18.3135986328125
280.55999999997204 234012.851675787 18.31439208984375
281.5999999999711 234475.90404275618 18.314727783203125
282.61999999997016 235464.5449690735 18.315460205078125
283.63999999996923 236260.586437257 18.31610107421875
284.69999999996827 236912.55742281675 18.316619873046875
285.79999999996727 237786.11591951083 18.317169189453125
286.81999999996634 238832.9447899731 18.3179931640625
287.91999999996534 239466.68824195676 18.3184814453125
288.9399999999644 240432.23265738226 18.319366455078125
289.9599999999635 241096.4534372259 18.319793701171875
290.99999999996254 241902.44425856788 18.3204345703125
292.09999999996154 242771.04554873612 18.32110595703125
293.1399999999606 243591.78537261393 18.321685791015625
294.15999999995967 244396.3739390513 18.3223876953125
295.2199999999587 245232.21440052986 18.3231201171875
296.2399999999578 246115.14182726108 18.32373046875
297.25999999995685 247013.7207744522 18.324432373046875
298.33999999995586 247880.7778784968 18.324981689453125
299.35999999995494 248795.26655135117 18.32568359375
300.419999999954 249489.19068414532 18.326141357421875
301.43999999995305 250498.93736698758 18.32684326171875
302.4999999999521 250972.4674357716 18.3271484375
303.51999999995115 251777.85070525762 18.327667236328125
304.63999999995013 252741.90609698836 18.32830810546875
305.879999999949 253659.45805121493 18.328826904296875
306.91999999994806 255117.0870203562 18.32965087890625
307.93999999994713 255370.90122773126 18.32977294921875
309.03999999994613 256418.99101876654 18.330169677734375
310.0599999999452 257134.7042497173 18.33056640625
311.0799999999443 257819.52888891287 18.3309326171875
312.11999999994333 258633.02226866223 18.33123779296875
313.1399999999424 259575.97017262317 18.33160400390625
314.1599999999415 260328.66249495745 18.331787109375
315.19999999994053 261147.06853339728 18.33209228515625
316.2199999999396 262031.72909493186 18.332366943359375
317.2399999999387 262741.1013476085 18.33258056640625
318.25999999993775 263646.1882546488 18.33282470703125
319.2799999999368 264505.25467837136 18.33294677734375
320.2999999999359 265220.36839603167 18.3330078125
321.31999999993496 266018.91396560334 18.3331298828125
322.33999999993404 266918.10658497456 18.33319091796875
323.3599999999331 267689.0292413542 18.33319091796875
324.3799999999322 268759.24497544765 18.33319091796875
325.39999999993125 269585.85760127753 18.3330078125
326.49999999993025 270282.5841890434 18.33294677734375
327.5199999999293 271265.14064277057 18.332855224609375