1.0000000009313226 88.24386596679688 4.492958397856771
2.000000001862645 84.27359008789062 11.324719691602645
3.0000000027939677 85.02325439453125 17.106152283340737
4.00000000372529 85.06072998046875 21.96677707287606
5.180000004824251 85.0263671875 28.264662090993383
6.1800000057555735 85.08840942382812 34.858145314284215
7.180000006686896 85.13211059570312 41.7418522835812
8.180000007618219 85.08599853515625 46.76389665858999
9.180000008549541 85.0615234375 53.133363474520756
10.180000009480864 85.11160278320312 61.19205985464683
11.180000010412186 85.1324462890625 66.30121393579479
12.180000011343509 85.16268920898438 73.05832307312014
13.200000012293458 85.21884155273438 80.03911724730112
14.20000001322478 85.1407470703125 88.45403793447319
15.200000014156103 85.162353515625 95.08701445328907
16.200000015087426 85.262451171875 105.41259965792231
17.20000001601875 85.292724609375 110.95282721750141
18.280000017024577 85.22640991210938 116.89497158031054
19.2800000179559 85.21636962890625 125.15947374806451
20.280000018887222 85.30670166015625 131.82576478256607
21.280000019818544 85.35952758789062 139.96784157205366
22.300000020768493 85.31423950195312 148.8170705830116
23.300000021699816 85.34979248046875 155.71627754887382
24.30000002263114 85.33251953125 163.53719549498447
25.30000002356246 85.3460693359375 171.93521675216041
26.300000024493784 85.3587646484375 180.58594640843592
27.320000025443733 85.36004638671875 187.0023257993671
28.320000026375055 85.35940551757812 196.18623673493934
29.320000027306378 85.36181640625 205.6863680276256
30.340000028256327 85.404052734375 212.59161093368718
31.640000029467046 85.37899780273438 223.81347078813027
32.64000003039837 85.34982299804688 232.3385069609601
33.64000003132969 85.34878540039062 240.85332033244845
34.640000032261014 85.3668212890625 251.48021041472356
35.64000003319234 85.34988403320312 257.7568506012755
36.660000034142286 85.36416625976562 268.7028241099211
37.66000003507361 85.35653686523438 277.1075399544034
38.66000003600493 85.4029541015625 287.8668807791202
39.880000037141144 85.35043334960938 294.912035901481
40.88000003807247 85.241943359375 305.1292142538618
41.900000039022416 85.2838134765625 314.1722197051129
42.90000003995374 85.27188110351562 320.6470651497594
43.90000004088506 85.29660034179688 331.6054061865828
44.900000041816384 85.30947875976562 338.115485903436
45.900000042747706 85.23553466796875 348.57649303416434
46.90000004367903 85.233154296875 356.0494997547565
47.92000004462898 85.23577880859375 365.4686896409676
48.9200000455603 85.2857666015625 373.41658827374
49.92000004649162 85.22488403320312 381.3778352993705
50.920000047422945 85.17230224609375 395.16178380498394
51.92000004835427 85.13577270507812 401.38134244793025
52.92000004928559 85.05862426757812 408.8156813995898
53.92000005021691 83.97201538085938 418.14317887888086
54.920000051148236 80.9925537109375 427.4313034342865
55.92000005207956 80.9473876953125 437.11861352573675
56.92000005301088 81.02996826171875 446.86643121557415
57.9200000539422 80.59146118164062 462.8021804672749
59.00000005494803 80.32681274414062 469.08355935449475
60.000000055879354 79.89666748046875 479.9014769135484
61.00000005681068 79.5902099609375 489.6289414054493
62.10000005783513 79.04632568359375 501.8582993681573
63.100000058766454 78.74581909179688 511.0895561122126
64.18000005977228 78.33807373046875 522.1222417938683
65.1800000607036 77.88754272460938 533.3389661863586
66.22000006167218 77.4285888671875 544.7963734368795
67.2200000626035 76.9898681640625 556.4890457361058
68.22000006353483 76.4327392578125 570.9409556377783
69.22000006446615 76.04205322265625 581.4197984950729
70.2400000654161 75.51126098632812 593.2269478959327
71.24000006634742 75.46771240234375 604.781469610216
72.26000006729737 75.53265380859375 617.7090960311587
73.32000006828457 75.52734375 631.0968656131097
74.3200000692159 75.49044799804688 650.4150034768288
75.32000007014722 75.48550415039062 659.175883236517
76.34000007109717 75.37042236328125 670.7693420315356
77.34000007202849 75.3905029296875 685.0214271881592
78.34000007295981 75.3643798828125 702.2472656019304
79.34000007389113 75.35809326171875 713.2533448850697
80.34000007482246 75.40780639648438 730.3099110705983
81.34000007575378 75.399169921875 743.6087574156127
82.3400000766851 75.31494140625 756.7301318529908
83.34000007761642 75.25457763671875 771.1759301889678
84.34000007854775 75.34210205078125 785.8935496240756
85.3600000794977 75.36526489257812 800.7517844352764
86.36000008042902 75.21923828125 818.7843976324319
87.36000008136034 75.20321655273438 831.4735895565213
88.36000008229166 75.28427124023438 847.3031102809782
89.44000008329749 75.30059814453125 864.5479743678143
90.44000008422881 75.27999877929688 880.5766108243604
91.44000008516014 75.275634765625 896.8706156427877
92.44000008609146 75.21731567382812 913.3157520459846
93.46000008704141 75.23855590820312 930.2968598166749
94.46000008797273 75.12432861328125 947.2491440457468
95.46000008890405 75.11676025390625 966.1594889091926
96.480000089854 75.16781616210938 982.1144609207881
97.48000009078532 75.14569091796875 1003.282412481667
98.48000009171665 75.20855712890625 1020.8189854150329
99.48000009264797 75.17117309570312 1038.9711177673219
100.50000009359792 75.09979248046875 1055.0203223377084
101.60000009462237 75.05792236328125 1074.6900846676822
102.6000000955537 75.2093505859375 1094.5641239217425
103.60000009648502 75.17578125 1113.5804170222334
104.60000009741634 75.10284423828125 1135.7234206633843
105.60000009834766 75.10989379882812 1151.402308663139
106.62000009929761 75.0850830078125 1171.7728581489946
107.62000010022894 75.08721923828125 1195.6700633954217
108.62000010116026 75.1063232421875 1212.4739415913248
109.62000010209158 75.12811279296875 1234.5000542913415
110.6200001030229 75.00393676757812 1257.8300731365496
111.72000010404736 75.19265747070312 1276.9223116803385
112.76000010501593 75.42874145507812 1297.5913008607672
113.86000010604039 75.90097045898438 1318.2668628634617
114.86000010697171 75.46044921875 1332.3688400826295
115.86000010790303 75.35189819335938 1342.3822510600808
116.86000010883436 75.46453857421875 1348.9207796785217
117.86000010976568 75.50015258789062 1354.2871264885468
118.92000011075288 75.63946533203125 1357.0988858049552
119.9200001116842 75.41796875 1356.9031727696959
120.92000011261553 75.33514404296875 1355.6735715380166
121.92000011354685 75.2763671875 1352.2235121743197
122.92000011447817 75.36187744140625 1350.369523688726
123.9200001154095 75.47708129882812 1351.6296052737923
124.92000011634082 75.611083984375 1351.084752335249
125.98000011732802 75.26202392578125 1349.7389832290496
126.98000011825934 75.09085083007812 1347.985746966189
127.98000011919066 75.07168579101562 1346.0467039138105
128.98000012012199 75.07330322265625 1344.8196207873114
129.9800001210533 75.075927734375 1343.367273887057
130.98000012198463 75.07498168945312 1342.2678959611133
131.98000012291595 75.07455444335938 1343.6485721793258
132.98000012384728 75.08056640625 1344.8950709084193
134.04000012483448 75.08404541015625 1346.4033408840676
135.10000012582168 73.740966796875 1347.7534565558235
136.100000126753 67.84817504882812 1349.1828218529454
137.10000012768432 61.487274169921875 1350.9835512281747
138.10000012861565 57.677825927734375 1352.086245159745
139.10000012954697 52.72613525390625 1353.4077283236013
140.1000001304783 47.959228515625 1354.4969725426897
141.10000013140962 42.8873291015625 1355.3903440391864
142.1400001323782 37.54150390625 1355.9524449742737
143.1400001333095 33.57891845703125 1356.0866172841077
144.16000013425946 31.421051025390625 1356.020557067498
145.16000013519078 29.09283447265625 1355.5900778157404
146.1600001361221 29.120941162109375 1355.5100097088157
147.16000013705343 28.8748779296875 1355.4152444439474
148.18000013800338 28.70989990234375 1355.3858942920303
149.1800001389347 28.50543212890625 1355.4983348988449
150.22000013990328 28.38177490234375 1355.6688329575013
151.2200001408346 28.268096923828125 1355.9180655696762
152.22000014176592 28.13189697265625 1356.314340777424